日期,成交股數,成交金額,開盤價,最高價,最低價,收盤價,漲跌價差,成交筆數,filter,rsv,k,d,5MA,10MA,20MA
111/03/01,11882510.0,798598413.0,66.8,67.5,66.8,67.5,+0.40,3974.0,False,,,,,,
111/03/02,6935405.0,469680489.0,67.4,68.0,67.1,68.0,+0.50,3160.0,False,,,,,,
111/03/03,5265647.0,357482915.0,67.7,68.1,67.5,68.0, 0.00,2896.0,False,,,,,,
111/03/04,6997281.0,470673723.0,67.0,67.8,66.7,67.2,-0.80,3813.0,False,,,,,,
111/03/07,13295933.0,881183892.0,66.7,67.0,66.0,66.2,-1.00,8635.0,False,,,,67.38,,
111/03/08,19074267.0,1244053436.0,66.1,66.2,64.5,65.4,-0.80,12913.0,False,,,,66.96,,
111/03/09,10921197.0,711117249.0,65.6,65.9,64.8,65.1,-0.30,6887.0,False,,,,66.38,,
111/03/10,7184228.0,473333660.0,65.5,66.1,65.3,66.0,+0.90,3631.0,False,,,,65.97999999999999,,
111/03/11,5686344.0,376559224.0,66.1,66.5,65.9,66.3,+0.30,2543.0,False,0.5,0.5,0.5,65.8,,
111/03/14,8368458.0,549995504.0,66.4,66.5,65.4,65.5,-0.80,5140.0,False,0.27777777777777823,0.4259259259259261,0.4753086419753086,65.66,66.52,
111/03/15,7748681.0,505812941.0,65.5,65.7,65.1,65.3,-0.20,3892.0,False,0.2222222222222218,0.3580246913580246,0.4362139917695473,65.64000000000001,66.29999999999998,
111/03/16,17599075.0,1143562056.0,65.1,65.4,64.5,65.3, 0.00,7939.0,False,0.2424242424242417,0.319491208380097,0.3973063973063972,65.68000000000002,66.02999999999999,
111/03/17,11979785.0,787488844.0,65.9,66.3,65.3,65.5,+0.20,5998.0,False,0.4,0.346327472253398,0.3803134222887308,65.58000000000001,65.77999999999999,
111/03/18,12565519.0,822646225.0,65.5,65.7,65.3,65.5, 0.00,3826.0,False,0.5,0.397551648168932,0.3860594975821311,65.42000000000002,65.60999999999999,
111/03/21,5973291.0,392571830.0,65.5,66.2,65.3,65.7,+0.20,2977.0,False,0.6000000000000014,0.4650344321126218,0.4123844757589613,65.46000000000001,65.55999999999997,
111/03/22,7155557.0,469083183.0,65.8,65.9,65.4,65.5,-0.20,3510.0,False,0.5,0.4766896214084144,0.4338195243087789,65.50000000000001,65.56999999999998,
111/03/23,7858336.0,516586199.0,65.9,66.2,65.5,65.9,+0.40,4204.0,False,0.7000000000000028,0.5511264142722772,0.4729218209632783,65.62000000000002,65.64999999999998,
111/03/24,5860825.0,384361771.0,65.7,65.8,65.5,65.6,-0.30,3824.0,False,0.5499999999999972,0.5507509428481838,0.4988648615915801,65.64000000000001,65.60999999999999,
111/03/25,9546228.0,624710397.0,65.3,65.6,65.2,65.5,-0.10,4818.0,False,0.5555555555555565,0.552352480417308,0.5166940678668227,65.64000000000001,65.52999999999999,
111/03/28,8648041.0,565082339.0,65.2,65.5,65.1,65.5, 0.00,3376.0,False,0.5555555555555565,0.5534201721300575,0.5289361026212342,65.60000000000001,65.52999999999999,66.025
111/03/29,4723750.0,309379006.0,65.5,65.8,65.2,65.6,+0.10,2942.0,False,0.4166666666666657,0.5078356703089268,0.5219026251837984,65.62,65.55999999999999,65.92999999999999
111/03/30,7978065.0,524253020.0,65.9,65.9,65.5,65.7,+0.10,4230.0,False,0.5454545454545491,0.5203752953574675,0.521393515241688,65.58,65.6,65.815
111/03/31,9849999.0,648580284.0,65.9,66.2,65.6,65.6,-0.10,3590.0,False,0.454545454545451,0.4984320150867953,0.5137396818567237,65.58,65.61,65.695
111/04/01,9380997.0,616298614.0,65.4,66.1,65.2,66.1,+0.50,2610.0,False,0.909090909090902,0.6353183130881641,0.5542658922672038,65.7,65.67,65.63999999999999
111/04/06,10620774.0,696598290.0,65.1,66.0,65.1,65.9,-0.20,4823.0,False,0.7272727272727321,0.66596978448302,0.5915005230058092,65.78,65.69,65.62499999999999
111/04/07,11727439.0,771319559.0,65.4,66.2,65.3,65.5,-0.40,5494.0,False,0.36363636363636603,0.5651919775341353,0.5827310078485846,65.75999999999999,65.69,65.62999999999998
111/04/08,4532395.0,298994354.0,65.5,66.2,65.5,66.0,+0.50,2691.0,False,0.8181818181818171,0.6495219244166959,0.6049946467046217,65.82,65.7,65.67499999999998
111/04/11,5679261.0,372752303.0,66.0,66.1,65.5,65.5,-0.50,3070.0,False,0.36363636363636603,0.5542267374899192,0.5880720102997208,65.8,65.69,65.64999999999999
111/04/12,6040724.0,396442263.0,65.6,65.9,65.5,65.7,+0.20,2945.0,False,0.5454545454545491,0.5513026734781291,0.5758155646925236,65.72,65.71000000000001,65.61999999999999
111/04/13,4253155.0,281033393.0,66.1,66.3,65.8,66.0,+0.30,2776.0,False,0.750000000000003,0.6175351156520871,0.5897220816790447,65.74000000000001,65.76,65.645
111/04/14,4370753.0,289356060.0,65.8,66.5,65.6,66.3,+0.30,3274.0,False,0.8571428571428557,0.6974043628156765,0.6256161753912552,65.9,65.83,65.695
111/04/15,11099897.0,747093097.0,66.3,68.0,66.2,67.4,+1.10,6494.0,False,0.7931034482758644,0.7293040579690725,0.6601788029171943,66.18000000000002,65.99999999999999,65.8
111/04/18,5068211.0,341237691.0,67.4,67.9,66.8,67.0,-0.40,3540.0,False,0.6551724137931041,0.7045935099104164,0.6749837052482683,66.48000000000002,66.13999999999999,65.875
111/04/19,3736083.0,250632382.0,67.4,67.6,66.8,66.8,-0.20,2816.0,False,0.555555555555555,0.6549141917921293,0.6682938674295553,66.70000000000002,66.20999999999998,65.94
111/04/20,6478426.0,435154672.0,66.5,67.5,66.5,67.3,+0.50,3547.0,False,0.7199999999999989,0.6766094611947524,0.6710657320179543,66.96000000000002,66.34999999999998,66.02
111/04/21,5737523.0,387476006.0,67.8,67.9,67.3,67.5,+0.20,3363.0,False,0.8,0.7177396407965015,0.6866237016108033,67.20000000000002,66.54999999999998,66.11999999999999
111/04/22,4996835.0,335994200.0,66.9,67.6,66.9,67.4,-0.10,3244.0,False,0.7600000000000022,0.7318264271976684,0.701691276806425,67.20000000000002,66.68999999999997,66.195
111/04/25,10152137.0,683271935.0,67.1,67.8,66.8,67.6,+0.20,4889.0,False,0.8333333333333314,0.7656620625762227,0.7230148720630242,67.32000000000002,66.89999999999998,66.29499999999999
111/04/26,8421790.0,574543355.0,68.0,68.6,67.8,68.2,+0.60,5457.0,False,0.8666666666666695,0.7993302639397049,0.7484533360219177,67.60000000000002,67.14999999999998,66.42999999999999
111/04/27,7972836.0,539405990.0,67.8,68.1,67.1,67.3,-0.90,5480.0,False,0.4583333333333326,0.6856646204042474,0.7275237641493608,67.60000000000002,67.27999999999997,66.52
111/04/28,9682182.0,660070102.0,68.0,68.5,67.6,68.3,+1.00,5030.0,False,0.8571428571428581,0.7428240326504509,0.7326238536497242,67.76000000000002,67.47999999999998,66.655
111/04/29,4259662.0,290741639.0,68.3,68.6,67.8,68.4,+0.10,2616.0,False,0.90476190476191,0.7968033233542706,0.7540170102179062,67.96000000000004,67.57999999999997,66.78999999999999
111/05/03,6157012.0,421376023.0,68.4,68.8,68.0,68.6,+0.20,3524.0,False,0.9130434782608682,0.8355500416564698,0.7811946873640941,68.16000000000004,67.73999999999998,66.94
111/05/04,3820185.0,260702555.0,68.3,68.6,68.0,68.2,-0.40,2445.0,False,0.7000000000000028,0.7903666944376475,0.7842520230552785,68.16000000000004,67.87999999999998,67.045
111/05/05,4191945.0,285386307.0,68.2,68.5,67.8,68.0,-0.20,3510.0,False,0.6000000000000014,0.7269111296250987,0.7651383919118853,68.30000000000004,67.94999999999999,67.15
111/05/06,9325471.0,628875942.0,67.3,68.0,67.2,67.3,-0.70,6566.0,False,0.25,0.5679407530833992,0.6994058456357233,68.10000000000004,67.92999999999998,67.24
111/05/09,6153179.0,410125219.0,66.5,67.3,66.4,66.5,-0.80,5517.0,False,0.04166666666666445,0.3925160576111543,0.5971092496275335,67.72000000000003,67.83999999999999,67.265
111/05/10,6404179.0,427734658.0,66.3,67.2,66.0,66.9,+0.40,3341.0,False,0.3214285714285738,0.3688202288836274,0.5210129093795648,67.38000000000002,67.76999999999998,67.33500000000001
111/05/11,5991632.0,397736231.0,66.4,67.3,66.1,66.3,-0.60,4613.0,False,0.10714285714285623,0.28159443830337033,0.4412067523541666,67.00000000000003,67.57999999999997,67.365
111/05/12,7074162.0,464134948.0,66.2,66.3,65.2,65.3,-1.00,4867.0,False,0.027777777777776243,0.19698888479483886,0.3598007965010573,66.46000000000002,67.37999999999997,67.33
111/05/13,6372602.0,416499170.0,65.5,65.8,65.1,65.2,-0.10,3634.0,False,0.027027027027029308,0.14033493220556906,0.2866455084025613,66.04000000000002,67.06999999999998,67.275
111/05/16,10348972.0,669217434.0,66.0,66.0,64.1,64.5,-0.70,6310.0,False,0.08888888888889017,0.1231862511000094,0.23215908930171064,65.64000000000001,66.67999999999998,67.13
111/05/17,6247331.0,403523307.0,65.0,65.1,64.2,64.2,-0.30,4249.0,False,0.02272727272727464,0.08969992497576447,0.1846727011930619,65.10000000000002,66.23999999999998,66.99
111/05/18,5153842.0,334926890.0,64.1,65.5,64.1,65.1,+0.90,3838.0,False,0.25641025641025605,0.14527003545392833,0.17153847928001734,64.86000000000003,65.92999999999998,66.905
111/05/19,5279323.0,340582862.0,64.9,64.9,64.3,64.5,-0.60,3836.0,False,0.12500000000000167,0.1385133569692861,0.16053010517644029,64.70000000000002,65.57999999999998,66.765
111/05/20,3913649.0,253432901.0,65.0,65.2,64.5,64.6,+0.10,1943.0,False,0.15624999999999986,0.14442557131285735,0.15516192722191266,64.58000000000003,65.30999999999999,66.61999999999999
111/05/23,5880572.0,382000107.0,65.4,65.4,64.5,65.1,+0.50,2365.0,False,0.3124999999999997,0.2004503808752381,0.1702580784396878,64.70000000000002,65.16999999999999,66.50499999999998
111/05/24,6392056.0,413175026.0,64.8,65.0,64.4,64.4,-0.70,3798.0,False,0.13636363636364135,0.17908813270470586,0.17320142986136047,64.74000000000002,64.91999999999999,66.345
111/05/25,5966589.0,386067547.0,64.9,65.0,64.3,64.9,+0.50,2881.0,False,0.4210526315789521,0.25974296566278793,0.20204860846183628,64.70000000000002,64.78,66.17999999999999
111/05/26,4242039.0,275361428.0,65.2,65.4,64.5,64.9, 0.00,2114.0,False,0.4210526315789521,0.3135128543015093,0.23920335707506066,64.78000000000002,64.74,66.06
111/05/27,5962837.0,387503119.0,65.3,65.3,64.5,65.0,+0.10,2775.0,False,0.6428571428571443,0.4232942838200543,0.3005669993233918,64.86000000000001,64.72,65.89500000000001
111/05/30,7651057.0,501774140.0,65.3,66.0,65.0,66.0,+1.00,3983.0,False,1.0,0.6155295225467028,0.4055545070644955,65.04,64.86999999999999,65.775
111/05/31,19642260.0,1312504807.0,65.9,67.4,65.2,67.4,+1.40,3958.0,False,1.0,0.7436863483644685,0.5182651208311531,65.64000000000001,65.18999999999998,65.715
111/06/01,7520802.0,495734167.0,66.6,66.6,65.6,65.6,-1.80,4065.0,False,0.4193548387096753,0.635575845146204,0.5573686956028368,65.78000000000002,65.23999999999998,65.58500000000001
111/06/02,3485669.0,226835556.0,65.2,65.5,64.8,65.1,-0.50,2384.0,False,0.25806451612903064,0.5097387354738129,0.5414920422264955,65.82000000000002,65.29999999999998,65.44
111/06/06,5217703.0,338672892.0,65.5,65.6,64.5,65.2,+0.10,3242.0,False,0.2903225806451623,0.436600017197596,0.506528033883529,65.86000000000003,65.35999999999999,65.33500000000001
111/06/07,5279511.0,342202057.0,65.1,65.1,64.6,64.8,-0.40,2955.0,False,0.1612903225806447,0.34483011899194554,0.4526287289196678,65.62000000000003,65.32999999999998,65.25
111/06/08,3825825.0,249632253.0,65.4,65.4,65.1,65.3,+0.50,2209.0,False,0.2758620689655157,0.32184076898313563,0.4090327422741569,65.20000000000002,65.41999999999999,65.16999999999999
111/06/09,3298810.0,214490453.0,65.0,65.4,64.9,64.9,-0.40,1840.0,False,0.1379310344827603,0.2605375241496772,0.3595343362326637,65.06000000000002,65.41999999999999,65.1
111/06/10,4085656.0,264082996.0,64.5,64.9,64.3,64.6,-0.30,2232.0,False,0.09677419354838593,0.2059497472825801,0.3083394732493025,64.96000000000001,65.38999999999999,65.065
111/06/13,6663341.0,427682494.0,64.2,64.7,64.0,64.4,-0.20,4835.0,False,0.11764705882353088,0.17651551779623031,0.2643981547649451,64.80000000000001,65.32999999999998,65.025
111/06/14,4093271.0,262545415.0,64.5,64.5,64.0,64.0,-0.40,2641.0,False,0.0,0.11767701186415355,0.21549110713134792,64.64000000000001,65.12999999999998,65.0
111/06/15,5785914.0,371180354.0,64.0,64.6,64.0,64.1,+0.10,3715.0,False,0.062499999999996676,0.09928467457610124,0.17675562961293234,64.4,64.79999999999998,64.99499999999999
111/06/16,5103357.0,328637947.0,64.7,64.7,64.1,64.2,+0.10,2893.0,False,0.12500000000000222,0.10785644971740156,0.1537892363144221,64.26000000000002,64.66,64.95
111/06/17,15237792.0,970608318.0,63.5,64.3,63.4,63.6,-0.60,5889.0,False,0.10000000000000106,0.10523763314493473,0.13760536859125966,64.06000000000002,64.50999999999999,64.905
111/06/20,7359032.0,466402660.0,63.6,63.9,63.0,63.0,-0.60,4036.0,False,0.0,0.07015842209662315,0.11512305309304745,63.780000000000015,64.28999999999999,64.825
111/06/21,9179901.0,590935583.0,63.9,64.7,63.8,64.7,+1.70,3363.0,False,0.7083333333333328,0.2828833925088597,0.17104316623165153,63.920000000000016,64.28,64.805
111/06/22,4808880.0,309324544.0,64.5,64.9,64.0,64.0,-0.70,2743.0,False,0.5263157894736826,0.3640275248304673,0.2353712857645901,63.90000000000002,64.15,64.785
111/06/23,12979073.0,853540194.0,65.3,66.2,65.2,66.0,+2.00,5305.0,False,0.9374999999999992,0.5551850165536446,0.3419758626942749,64.26000000000002,64.26,64.84
111/06/24,6320940.0,419065560.0,66.7,66.8,65.8,66.4,+0.40,3373.0,False,0.8947368421052653,0.6683689584041848,0.4507735612642448,64.82000000000002,64.44,64.91499999999999
111/06/27,7957702.0,533176772.0,66.8,67.5,66.6,66.6,+0.20,3711.0,False,0.7999999999999987,0.7122459722694561,0.5379310315993152,65.54000000000003,64.66,64.99499999999999
111/06/28,4060952.0,272096229.0,66.9,67.1,66.7,67.1,+0.50,2279.0,False,0.91111111111111,0.7785343518833406,0.6181321383606571,66.02000000000004,64.97,65.04999999999998
111/06/29,5439347.0,364584146.0,66.6,67.4,66.6,66.9,-0.20,3020.0,False,0.8666666666666679,0.8079117901444497,0.6813920222885879,66.60000000000005,65.25,65.02499999999999
111/06/30,10123461.0,679817652.0,66.8,67.6,66.6,67.0,+0.10,4097.0,False,0.8695652173913054,0.8284629325600683,0.730415659045748,66.80000000000004,65.53,65.095
111/07/01,12228370.0,829660381.0,67.3,68.3,67.2,67.9,+0.90,6248.0,False,0.911111111111113,0.8560123254104164,0.7722812145006375,67.10000000000005,65.96,65.235
111/07/04,11840369.0,809963718.0,67.9,68.7,67.8,68.0,+0.10,5630.0,False,0.8510638297872335,0.8543628268693553,0.7996417519568767,67.38000000000004,66.46,65.375
111/07/05,11796130.0,812135985.0,68.6,69.2,68.4,68.7,+0.70,6769.0,False,0.875,0.8612418845795701,0.8201751294977745,67.70000000000005,66.85999999999999,65.57000000000001
111/07/06,14330875.0,999134445.0,69.3,70.2,69.2,69.6,+0.90,7793.0,False,0.8636363636363619,0.8620400442651673,0.8341301010869053,68.24000000000005,67.41999999999999,65.785
111/07/07,14115460.0,995177593.0,69.6,70.9,69.5,70.6,+1.00,8451.0,False,0.9302325581395324,0.8847708822232889,0.8510103614656999,68.96000000000006,67.88,66.07
111/07/08,11747081.0,807806024.0,69.9,69.9,67.9,68.8,-1.80,7467.0,False,0.5116279069767435,0.7603898904744404,0.8208035378019467,69.14000000000006,68.11999999999999,66.28
111/07/11,6642569.0,462442640.0,69.5,70.4,69.2,69.3,+0.50,3185.0,False,0.627906976744185,0.7162289192310218,0.7859453316116383,69.40000000000006,68.38999999999999,66.52499999999999
111/07/12,7077968.0,491006573.0,68.7,69.6,68.7,69.5,+0.20,3505.0,False,0.6744186046511623,0.702292147704402,0.7580609369758927,69.56000000000006,68.62999999999998,66.79999999999998
111/07/13,11148474.0,769498674.0,70.0,70.0,68.5,68.6,-0.90,6671.0,False,0.3783783783783758,0.5943208912623932,0.7034809217380595,69.36000000000006,68.79999999999998,67.02499999999999
111/07/14,9225775.0,636135948.0,69.0,69.4,68.5,69.1,+0.50,5566.0,False,0.4193548387096753,0.5359988737448206,0.6476535724069798,69.06000000000006,69.00999999999999,67.26999999999998
111/07/15,6238348.0,427395302.0,68.5,69.2,67.9,68.5,-0.60,5877.0,False,0.1999999999999981,0.4239992491632131,0.5731021313257243,69.00000000000006,69.07,67.51499999999999
111/07/18,7124637.0,482999497.0,68.0,68.2,67.2,67.9,-0.60,7043.0,False,0.1891891891891898,0.34572922917187193,0.4973111639411068,68.72000000000006,69.05999999999999,67.75999999999999
111/07/19,6644337.0,447752968.0,67.7,68.4,66.9,67.5,-0.40,8909.0,False,0.14999999999999858,0.2804861527812475,0.4250361602211537,68.32000000000006,68.93999999999998,67.89999999999999
111/07/20,20175744.0,1390252061.0,70.1,71.7,67.5,67.8,+0.30,16228.0,False,0.1874999999999984,0.2494907685208311,0.3665210296543793,68.16000000000005,68.75999999999998,68.08999999999999
111/07/21,8482559.0,572778742.0,68.2,68.2,66.8,67.9,+0.10,4167.0,False,0.2244897959183688,0.2411571109866769,0.32473305676514524,67.92000000000004,68.48999999999998,68.18499999999999
111/07/22,10442135.0,720079231.0,68.5,69.8,67.7,69.6,+1.70,4746.0,False,0.5714285714285702,0.3512475978006413,0.3335712371103106,68.14000000000006,68.56999999999998,68.34499999999998
111/07/25,7294248.0,510785590.0,70.0,70.5,69.5,70.0,+0.40,4204.0,False,0.6530612244897958,0.4518521400303594,0.3729982047503269,68.56000000000006,68.63999999999999,68.51499999999999
111/07/26,7142886.0,501987029.0,69.5,70.5,69.5,70.5,+0.50,3418.0,False,0.7551020408163263,0.5529354402923483,0.432977283264334,69.16000000000005,68.73999999999998,68.68499999999999
111/07/27,3983332.0,279969941.0,70.8,70.9,69.8,70.4,-0.10,2435.0,False,0.7346938775510213,0.6135215860452393,0.4931587175246358,69.68000000000005,68.91999999999999,68.85999999999999
111/07/28,5391754.0,376930010.0,70.5,70.5,69.4,69.9,-0.50,3023.0,False,0.6326530612244908,0.6198987444383232,0.5354053931625316,70.08000000000007,68.99999999999997,69.005
111/07/29,7409335.0,520395205.0,70.5,70.5,69.9,70.4,+0.50,2627.0,False,0.7346938775510213,0.6581637888092225,0.5763248583780952,70.24000000000005,69.18999999999997,69.13
111/08/01,7499209.0,524170901.0,70.4,70.4,69.6,70.0,-0.40,3464.0,False,0.6530612244897958,0.6564629340360802,0.6030375502640902,70.24000000000005,69.39999999999998,69.22999999999999
111/08/02,18808355.0,1284375548.0,69.3,69.6,67.7,67.9,-2.10,8867.0,False,0.2682926829268308,0.5270728503329971,0.5777159836203924,69.72000000000006,69.43999999999997,69.19
111/08/03,7156096.0,487676312.0,67.7,68.7,67.5,68.5,+0.60,4813.0,False,0.29411764705882304,0.4494211159082724,0.5349510277163524,69.34000000000006,69.50999999999998,69.135
111/08/04,15083021.0,980799576.0,65.9,66.2,64.0,65.1,X0.00,9854.0,False,0.1594202898550715,0.3527541738905388,0.4742187431077478,68.38000000000007,69.22999999999999,68.86
111/08/05,5013253.0,330219494.0,66.4,66.4,65.4,65.8,+0.70,2879.0,False,0.2608695652173907,0.32212597099948936,0.4235211524049949,67.46000000000006,68.84999999999998,68.71000000000001
111/08/08,3822655.0,251272463.0,65.8,66.1,65.4,66.0,+0.20,2787.0,False,0.2898550724637679,0.3113690048209156,0.38613710321030176,66.66000000000005,68.44999999999997,68.545
111/08/09,3292144.0,217501558.0,66.3,66.4,65.7,66.2,+0.20,2261.0,False,0.3384615384615389,0.32039984936779,0.3642246852627978,66.32000000000005,68.01999999999998,68.38000000000001
111/08/10,6052190.0,396937354.0,65.7,66.0,65.4,65.6,-0.60,3631.0,False,0.2461538461538453,0.2956511816298084,0.341366850718468,65.74000000000005,67.53999999999999,68.23
111/08/11,5301154.0,348849345.0,65.6,66.1,65.4,66.0,+0.40,2830.0,False,0.3124999999999997,0.3012674544198722,0.3280003852856027,65.92000000000004,67.14999999999999,68.07500000000002
111/08/12,5258725.0,346305180.0,66.4,66.4,65.5,65.9,-0.10,2662.0,False,0.33928571428571563,0.31394020770848663,0.323313659426564,65.94000000000004,66.69999999999999,67.94500000000002
111/08/15,5408260.0,356545095.0,66.1,66.2,65.7,65.7,-0.20,2349.0,False,0.3617021276595749,0.3298608476921827,0.3254960555151035,65.88000000000004,66.27,67.83500000000001
111/08/16,8253027.0,541050709.0,65.5,66.1,65.0,65.8,+0.10,3860.0,False,0.749999999999997,0.4699072317947874,0.3736331142749981,65.80000000000004,66.05999999999999,67.75000000000001
111/08/17,6281300.0,412836030.0,66.0,66.0,65.4,66.0,+0.20,3240.0,False,0.7142857142857114,0.5513667259584287,0.4328776515028083,65.88000000000004,65.80999999999999,67.66000000000001
111/08/18,4326881.0,284285826.0,65.9,66.0,65.3,65.9,-0.10,2342.0,False,0.6428571428571443,0.5818635315913339,0.4825396115323168,65.86000000000004,65.88999999999999,67.56000000000002
111/08/19,4546631.0,298998387.0,65.5,66.1,65.5,65.8,-0.10,1945.0,False,0.5714285714285671,0.5783852115370782,0.5144881448672372,65.84000000000003,65.88999999999999,67.37000000000002
111/08/22,3477378.0,229930096.0,65.4,66.4,65.4,66.2,+0.40,1905.0,False,0.8571428571428557,0.6713044267390039,0.5667602388244928,65.94000000000003,65.91,67.18000000000002
111/08/23,3827453.0,252250597.0,66.0,66.2,65.7,65.9,-0.30,1872.0,False,0.6428571428571443,0.6618219987783841,0.5984474921424565,65.96000000000002,65.87999999999998,66.95000000000002
111/08/24,3437942.0,226327666.0,65.9,66.1,65.6,65.8,-0.10,1965.0,False,0.5714285714285671,0.6316908563284451,0.609528613537786,65.92000000000003,65.89999999999998,66.72000000000001
111/08/25,2900268.0,191926368.0,65.8,66.5,65.8,66.1,+0.30,1446.0,False,0.7333333333333295,0.6655716819967399,0.6282096363574372,65.96000000000004,65.90999999999998,66.53
111/08/26,3953872.0,262715504.0,66.4,66.7,66.2,66.4,+0.30,2162.0,False,0.8235294117647078,0.7182242585860625,0.6582145104336456,66.08000000000003,65.95999999999998,66.33000000000001
111/08/29,6363635.0,417602859.0,64.9,66.3,64.9,66.0,-0.40,3139.0,False,0.6111111111111089,0.6825198760944113,0.6663162989872342,66.04000000000003,65.98999999999998,66.13000000000001
111/08/30,6086296.0,400250557.0,65.4,66.3,65.4,65.6,-0.40,3035.0,False,0.3888888888888832,0.5846428803592352,0.6390918261112345,65.98000000000005,65.96999999999998,66.015
111/08/31,9044196.0,595296896.0,65.6,66.1,65.4,66.0,+0.40,2167.0,False,0.6111111111111089,0.5934656239431929,0.6238830920552206,66.02000000000004,65.96999999999998,65.89
111/09/01,8605788.0,563371542.0,65.3,66.0,65.0,65.7,-0.30,4131.0,False,0.4444444444444436,0.5437918974436098,0.5971860271846836,65.94000000000003,65.94999999999999,65.92
111/09/02,4376802.0,287263333.0,65.5,66.0,65.4,65.5,-0.20,1711.0,False,0.3333333333333307,0.4736390427401834,0.5560036990365168,65.76000000000003,65.91999999999999,65.905
111/09/05,3509618.0,230784120.0,65.5,65.9,65.5,65.7,+0.20,1423.0,False,0.4444444444444436,0.4639075099749368,0.5253049693493235,65.70000000000003,65.86999999999999,65.89000000000001
111/09/06,6445426.0,425847555.0,66.0,66.4,65.5,66.4,+0.70,2397.0,False,0.8333333333333347,0.5870494510944027,0.5458864632643499,65.86000000000004,65.91999999999999,65.9
111/09/07,7961171.0,528262325.0,66.0,66.7,65.8,66.5,+0.10,4256.0,False,0.8888888888888872,0.6876625970258975,0.5931451745181989,65.96000000000004,65.99,65.94500000000002
111/09/08,4308493.0,287644773.0,66.6,67.0,66.2,66.9,+0.40,3560.0,False,0.9523809523809548,0.7759020488109166,0.6540641326157715,66.20000000000003,66.07,65.99000000000002
111/09/12,6216563.0,418733089.0,68.1,68.2,66.6,67.2,+0.30,4028.0,False,0.6875000000000002,0.7464346992072778,0.6848543214796068,66.54000000000003,66.15,66.05500000000002
111/09/13,6613886.0,448452143.0,67.8,68.0,67.2,67.8,+0.60,2966.0,False,0.8749999999999983,0.7892897994715179,0.7196661474769104,66.96000000000004,66.33,66.16000000000001
111/09/14,8634941.0,579256693.0,66.7,67.8,66.5,67.0,-0.80,5457.0,False,0.6249999999999994,0.7345265329810117,0.7246196093116108,67.08000000000004,66.47,66.22000000000001
111/09/15,6710490.0,447734543.0,66.7,67.2,66.1,66.9,-0.10,3317.0,False,0.5357142857142863,0.6682557838921032,0.7058316675051082,67.16000000000004,66.55999999999999,66.26500000000001
111/09/16,17450174.0,1146321678.0,66.1,66.3,65.4,65.7,-1.20,7242.0,False,0.10714285714285623,0.4812181416423542,0.6309604922175235,66.92000000000003,66.55999999999999,66.25500000000002
111/09/19,8893757.0,579574082.0,65.5,65.8,64.9,65.2,-0.50,4237.0,False,0.09090909090909012,0.35111512473126616,0.5376787030554376,66.52000000000002,66.53,66.22500000000002
111/09/20,10053296.0,654846915.0,65.5,65.7,64.7,65.5,+0.30,4953.0,False,0.22857142857142776,0.31026722601132,0.4618748773740651,66.06000000000003,66.50999999999999,66.19000000000003
111/09/21,4864147.0,319123459.0,65.1,65.8,65.0,65.7,+0.20,3101.0,False,0.2857142857142857,0.30208291257897524,0.4086108891090351,65.80000000000003,66.44,66.18000000000002
111/09/22,6678693.0,435307682.0,65.1,65.7,64.7,65.3,-0.40,3437.0,False,0.1714285714285698,0.2585314655288401,0.3585844145823034,65.48000000000002,66.32,66.15500000000002
111/09/23,5705482.0,373748832.0,65.5,65.8,65.1,65.5,+0.20,2916.0,False,0.2424242424242417,0.25316239116064065,0.3234437401084158,65.44000000000003,66.17999999999999,66.12500000000003
111/09/26,7233696.0,474310028.0,65.2,66.6,64.8,66.0,+0.50,4190.0,False,0.4193548387096773,0.3085598736769862,0.3184824512979393,65.60000000000002,66.05999999999999,66.10500000000002
111/09/27,6352184.0,418821543.0,66.3,66.4,65.6,65.9,-0.10,3043.0,False,0.4800000000000012,0.3657065824513245,0.3342238283490677,65.68000000000002,65.86999999999999,66.10000000000002
111/09/28,10984584.0,731217514.0,66.3,67.0,66.0,66.6,+0.70,4680.0,False,0.8260869565217365,0.5191667071414618,0.3958714546131991,65.86000000000003,65.83,66.15000000000002
111/09/29,9875977.0,663984250.0,67.2,67.7,66.6,67.5,+0.90,4814.0,False,0.9333333333333323,0.6572222492054187,0.4829883861439389,66.30000000000003,65.89,66.22500000000002
111/09/30,13604210.0,913380340.0,66.6,67.4,66.5,67.3,-0.20,4344.0,False,0.8666666666666648,0.7270370550258342,0.5643379424379039,66.66000000000003,66.04999999999998,66.30500000000002
111/10/03,5379377.0,358053247.0,66.6,67.2,66.2,66.4,-0.90,2965.0,False,0.5666666666666677,0.6735802589061121,0.6007520479273065,66.74000000000004,66.16999999999999,66.35000000000002
111/10/04,4780121.0,315236030.0,66.4,66.7,65.6,65.7,-0.70,6357.0,False,0.3333333333333333,0.560164617048519,0.587222904301044,66.70000000000002,66.18999999999998,66.35000000000002
111/10/05,5381268.0,355239057.0,65.7,66.3,65.7,66.3,+0.60,3125.0,False,0.5172413793103439,0.545856871135794,0.5734342265792939,66.64000000000003,66.24999999999997,66.34500000000001
111/10/06,7416090.0,490412670.0,66.7,67.0,65.7,66.0,-0.30,4884.0,False,0.413793103448276,0.5018356152399546,0.5495680227995141,66.34000000000003,66.31999999999998,66.32000000000002
111/10/07,5374655.0,353432446.0,65.7,66.1,65.5,65.7,-0.30,3742.0,False,0.09090909090909208,0.3648601071296671,0.4879987175762317,66.02000000000002,66.33999999999999,66.26000000000002
111/10/11,11682442.0,770539542.0,65.1,66.5,65.1,65.8,+0.10,4647.0,False,0.26923076923076944,0.33298366116336786,0.43632703210527707,65.90000000000002,66.31999999999998,66.19000000000001
111/10/12,9648166.0,643651797.0,66.1,67.0,66.1,66.9,+1.10,4317.0,False,0.6923076923076944,0.4527583382114767,0.4418041341406769,66.14000000000001,66.41999999999999,66.14500000000001
111/10/13,11755905.0,776438741.0,65.9,67.0,65.6,66.4,-0.50,7278.0,False,0.56521739130435,0.4902446892424345,0.4579509858412628,66.16000000000003,66.39999999999998,66.11500000000002
111/10/14,7680792.0,508848527.0,67.0,67.0,65.9,66.1,-0.30,4639.0,False,0.4761904761904743,0.4855599515584477,0.4671539744136577,66.18000000000002,66.25999999999998,66.07500000000002
111/10/17,5257114.0,346774343.0,66.0,66.4,65.6,65.9,-0.20,3400.0,False,0.4210526315789521,0.4640575115652824,0.4661218201308659,66.22000000000001,66.11999999999998,66.08500000000001
111/10/18,6494822.0,424877580.0,66.0,66.0,65.2,65.3,-0.60,8066.0,False,0.10526315789473804,0.3444593936751009,0.4255676779789441,66.12000000000002,66.00999999999998,66.09
111/10/19,6629063.0,432951529.0,65.4,65.7,65.1,65.3, 0.00,3219.0,False,0.10526315789473804,0.2647273150816466,0.371954223679845,65.80000000000003,65.96999999999997,66.08000000000001
111/10/20,14640684.0,942888276.0,65.0,65.3,63.8,64.7,-0.60,6812.0,False,0.2812500000000015,0.27023487672109825,0.33804777469359604,65.46000000000001,65.80999999999997,66.03
111/10/21,4029074.0,258789512.0,64.6,64.8,64.0,64.1,-0.60,2902.0,False,0.09374999999999904,0.21140658448073185,0.2958340446226413,65.06000000000002,65.61999999999998,65.97
111/10/24,6779400.0,440357053.0,64.9,65.3,64.5,65.1,+1.00,2876.0,False,0.4062499999999988,0.27635438965382075,0.2893408262997011,64.90000000000002,65.55999999999997,65.95
111/10/25,8902940.0,580415911.0,65.6,65.7,64.6,65.5,+0.40,4041.0,False,0.5312500000000004,0.3613195931025473,0.3133337485673165,64.94000000000003,65.52999999999999,65.925
111/10/26,5625086.0,368466777.0,65.5,65.8,65.0,65.6,+0.10,3022.0,False,0.5624999999999987,0.4283797287350311,0.3516824086232213,65.00000000000001,65.39999999999999,65.91
111/10/28,3803386.0,249903174.0,66.1,66.1,65.3,65.8, 0.00,1764.0,False,0.7692307692307667,0.5419967422336096,0.4151205198266841,65.22000000000001,65.33999999999999,65.86999999999999
111/10/31,4912349.0,322835829.0,66.1,66.2,65.3,65.5,-0.30,1896.0,False,0.7083333333333328,0.5974422726001839,0.4758944374178507,65.50000000000003,65.27999999999999,65.77
111/11/01,5289341.0,348714833.0,65.5,66.2,65.3,66.1,+0.60,2103.0,False,0.95833333333333,0.717739292844566,0.5565093892267557,65.70000000000002,65.29999999999998,65.71
111/11/02,3670381.0,242031796.0,66.2,66.6,65.6,65.9,-0.20,2468.0,False,0.7500000000000038,0.7284928618963785,0.6138372134499633,65.78000000000002,65.35999999999999,65.68499999999999
111/11/03,6614518.0,432373829.0,66.0,66.0,65.1,65.6,-0.30,2484.0,False,0.6153846153846145,0.6907901130591239,0.6394881799863501,65.78000000000002,65.39,65.67999999999998
111/11/04,6883311.0,448926726.0,65.5,65.5,64.9,65.5,-0.10,2478.0,False,0.4761904761904775,0.6192569007695751,0.632744420247425,65.72000000000001,65.47,65.63999999999999
111/11/07,6040871.0,395008615.0,65.1,65.8,65.0,65.8,+0.30,2568.0,False,0.6000000000000014,0.6128379338463839,0.6261089247804112,65.78000000000002,65.63999999999999,65.62999999999998
111/11/08,5851345.0,381887165.0,65.3,65.6,65.0,65.5,-0.30,3323.0,False,0.3529411764705873,0.526205681387785,0.5928078436495358,65.66000000000001,65.67999999999998,65.61999999999998
111/11/09,8838405.0,575580133.0,65.2,65.4,64.8,65.3,-0.20,4168.0,False,0.27777777777777823,0.4433963801844494,0.543004022494507,65.54,65.65999999999998,65.59499999999998
111/11/10,8383137.0,542780523.0,64.9,65.2,64.5,64.9,-0.40,4544.0,False,0.19047619047619369,0.3590896502816974,0.4816992317569038,65.4,65.58999999999997,65.49499999999998
111/11/11,8719735.0,570714883.0,65.5,65.9,65.1,65.4,+0.50,3888.0,False,0.4285714285714324,0.3822502430449424,0.44854956885291664,65.38,65.54999999999998,65.44499999999998
111/11/14,9712941.0,639988776.0,65.8,66.2,65.5,66.1,+0.70,4118.0,False,0.7619047619047613,0.5088017493315486,0.4686336290124606,65.44,65.60999999999999,65.44499999999998
111/11/15,9417176.0,620445770.0,65.7,66.1,65.5,66.0,-0.10,4479.0,False,0.8823529411764691,0.6333188132798555,0.5235286904349256,65.53999999999999,65.59999999999998,65.44999999999997
111/11/16,17593126.0,1138989690.0,64.9,65.3,64.5,64.5,-1.50,8970.0,False,0.0,0.4222125421865704,0.4897566410188071,65.38,65.45999999999998,65.40999999999998
111/11/17,12704948.0,814357206.0,64.5,64.7,63.9,64.1,-0.40,7481.0,False,0.08695652173912842,0.31046053537075635,0.4299912724694568,65.22,65.30999999999997,65.34999999999998
111/11/18,6904824.0,441948786.0,64.0,64.3,63.9,64.1, 0.00,4311.0,False,0.08695652173912842,0.23595919749354705,0.3653139141441535,64.96000000000001,65.16999999999999,65.31999999999996
111/11/21,10029506.0,640854292.0,64.1,64.4,63.7,64.2,+0.10,5248.0,False,0.2,0.22397279832903133,0.3182002088724461,64.58000000000001,65.00999999999999,65.32499999999997
111/11/22,13406666.0,851612400.0,63.6,63.8,63.3,63.8,-0.40,7159.0,False,0.17241379310344793,0.20678646325383684,0.28106229366624297,64.14000000000001,64.83999999999999,65.25999999999998
111/11/23,11373355.0,723029800.0,64.0,64.1,63.3,64.0,+0.20,6696.0,False,0.2413793103448281,0.21831741228416726,0.26014733320555106,64.04000000000002,64.71,65.18499999999997
111/11/24,19311753.0,1241259700.0,64.3,65.3,63.6,65.3,+1.30,7130.0,False,0.6896551724137917,0.3754299989940421,0.29857488846838137,64.28000000000002,64.74999999999999,65.16999999999999
111/11/25,17978738.0,1165343887.0,64.5,65.7,64.2,65.7,+0.40,7421.0,False,0.8571428571428601,0.5360009517103147,0.3777169095490258,64.60000000000002,64.78,65.16499999999999
111/11/28,23474760.0,1517220042.0,64.8,65.3,64.1,65.3,-0.40,8097.0,False,0.8333333333333314,0.6351117455846536,0.4635151882275684,64.82000000000002,64.69999999999999,65.15499999999999
111/11/29,15056610.0,984441597.0,65.1,65.8,64.6,65.8,+0.50,5882.0,False,1.0,0.7567411637231023,0.5612571800594129,65.22000000000003,64.67999999999998,65.13999999999999
111/11/30,33674050.0,2219864697.0,65.5,66.3,65.2,66.1,+0.30,6014.0,False,0.9333333333333323,0.8156052202598456,0.6460398601262238,65.64000000000003,64.83999999999999,65.14999999999998
111/12/01,18963833.0,1246923293.0,66.2,66.2,65.3,65.9,-0.20,8200.0,False,0.8666666666666695,0.8326257023954535,0.7082351408826337,65.76000000000002,65.01999999999998,65.16499999999999
111/12/02,15184503.0,987518201.0,65.2,65.4,64.8,65.0,-0.90,6013.0,False,0.5666666666666677,0.7439726904858582,0.7201476574170419,65.62000000000003,65.10999999999999,65.13999999999999
111/12/05,9704950.0,633999498.0,65.0,65.5,64.8,65.4,+0.40,4808.0,False,0.7000000000000028,0.7293151269905731,0.7232034806082189,65.64000000000001,65.22999999999998,65.11999999999999
111/12/06,13171495.0,855370140.0,65.1,65.3,64.6,64.6,-0.80,3868.0,False,0.3703703703703683,0.6096668747838382,0.6853579453334253,65.4,65.30999999999997,65.07499999999999
111/12/07,13674336.0,891425905.0,65.0,65.6,64.7,65.2,0.6,4875.0,False,0.5000000000000032,0.5731112498558932,0.6479423801742479,65.22,65.42999999999998,65.07
111/12/08,9121000.0,590209700.0,64.9,65.1,64.4,65.0,-0.2,4842.0,False,0.4090909090909112,0.5184378029342325,0.6047741877609094,65.04,65.39999999999999,65.07499999999999
111/12/09,8303078.0,545366281.0,65.4,66.0,65.0,66.0,1.0,3858.0,False,0.8421052631578956,0.6263269563421201,0.6119584439546463,65.24000000000001,65.42999999999998,65.10499999999999
111/12/12,6986457.0,459027446.0,65.5,66.0,65.2,65.8,-0.2,2801.0,False,0.7368421052631567,0.6631653393157989,0.6290274090750305,65.32000000000001,65.47999999999999,65.08999999999999
111/12/13,9677302.0,633581601.0,66.0,66.2,65.1,65.4,-0.4,3106.0,False,0.5555555555555565,0.6272954113957181,0.6284500765152596,65.47999999999999,65.43999999999998,65.05999999999999
111/12/14,7408689.0,488215897.0,65.9,66.0,65.6,66.0,0.6,3282.0,False,0.8888888888888872,0.7144932372267745,0.6571311300857645,65.64,65.42999999999998,65.13499999999999
111/12/15,7403000.0,485928000.0,65.7,66.0,65.4,65.5,-0.5,2291.0,False,0.6111111111111089,0.6800325285215526,0.6647649295643605,65.74,65.38999999999999,65.205
111/12/16,10695000.0,698008600.0,65.0,65.7,64.9,65.3,-0.2,2342.0,False,0.4999999999999961,0.6200216856810337,0.6498505149365849,65.6,65.41999999999999,65.265
111/12/19,4931852.0,322069809.0,64.9,65.6,64.9,65.3,0.0,2010.0,False,0.4999999999999961,0.5800144571206878,0.6265718289979525,65.5,65.40999999999998,65.32
111/12/20,5923841.0,388403620.0,65.1,66.0,65.0,65.6,0.3,2736.0,False,0.6666666666666614,0.6088985269693457,0.6206807283217501,65.54,65.50999999999998,65.41
111/12/21,6323000.0,413693800.0,65.9,65.9,65.0,65.4,-0.2,2386.0,False,0.3846153846153855,0.5341374795180256,0.5918329787205086,65.42,65.52999999999997,65.47999999999999
111/12/22,3365376.0,221154815.0,65.5,65.9,65.2,65.9,0.5,1767.0,False,0.7692307692307709,0.6125019094222739,0.5987226222877637,65.5,65.61999999999998,65.51
111/12/25,2802958.0,184103592.0,65.2,65.9,65.2,65.9,0.0,1552.0,False,0.7692307692307709,0.6647448626917729,0.6207300357557668,65.61999999999999,65.60999999999997,65.52000000000001
111/12/26,1558041.0,102634901.0,65.8,66.0,65.7,65.8,-0.1,1176.0,False,0.8181818181818147,0.7158905145217869,0.6524501953444402,65.72,65.60999999999997,65.545
111/12/27,3767846.0,249347784.0,66.0,66.3,65.9,66.2,0.4,2789.0,False,0.9285714285714322,0.7867841525383352,0.6972281810757385,65.83999999999999,65.68999999999997,65.56500000000001
111/12/28,5278000.0,348788100.0,65.8,66.2,65.6,66.2,0.0,1598.0,False,0.9285714285714322,0.8340465778827009,0.7428343133447259,65.99999999999997,65.70999999999998,65.57000000000002
111/12/29,6697678.0,442736704.0,65.7,66.4,65.7,66.3,0.1,2594.0,False,0.9333333333333276,0.8671421630329098,0.7842702632407872,66.07999999999997,65.78999999999998,65.59
111/12/30,6968070.0,464521006.0,66.2,66.9,66.1,66.6,0.3,3536.0,False,0.8421052631578893,0.8587965297412363,0.8091123520742702,66.21999999999998,65.91999999999999,65.67
112/01/03,6180074.0,410732304.0,65.8,66.9,65.7,66.6, 0.00,3144.0,,0.8421052631578893,0.8532327742134541,0.8238191594539981,66.37999999999998,66.04999999999998,65.72999999999999
112/01/04,6843156.0,454969403.0,66.1,66.8,66.1,66.5,-0.10,2409.0,,0.7647058823529382,0.8237238102599487,0.8237873763893149,66.43999999999998,66.13999999999999,65.825
112/01/05,7286981.0,485676405.0,66.5,66.8,66.2,66.6,+0.10,3243.0,,0.8235294117646995,0.8236590107615323,0.8237445878467206,66.52,66.25999999999999,65.895
112/01/06,6617435.0,442248477.0,66.8,67.2,66.5,66.6, 0.00,4110.0,,0.6249999999999967,0.7574393405076869,0.8016428387337093,66.57999999999998,66.33,65.975
112/01/09,10198983.0,688934438.0,67.5,67.8,67.2,67.6,+1.00,6636.0,,0.9090909090909081,0.8079898633687606,0.8037585136120597,66.77999999999997,66.5,66.05499999999998
112/01/10,7405411.0,496734996.0,67.6,67.7,66.7,67.1,-0.50,5648.0,,0.681818181818181,0.765932636185234,0.7911498878031178,66.87999999999997,66.63000000000001,66.11999999999998
112/01/11,6372716.0,426966602.0,67.2,67.5,66.7,66.9,-0.20,4119.0,,0.5714285714285743,0.7010979479330139,0.7611325745130829,66.95999999999997,66.7,66.19499999999998
112/01/12,10732589.0,722478732.0,67.3,67.7,67.0,67.1,+0.20,4718.0,,0.6666666666666644,0.6896208541775639,0.7372953344012434,67.05999999999997,66.78999999999999,66.24999999999997
112/01/13,4461546.0,301848591.0,67.8,67.9,67.3,67.5,+0.40,2607.0,,0.8181818181818158,0.7324745088456479,0.7356883925493782,67.23999999999997,66.91,66.34999999999998
112/01/16,5452506.0,370307589.0,68.0,68.2,67.3,68.0,+0.50,4185.0,,0.9047619047619038,0.7899036408177331,0.7537601419721631,67.31999999999996,67.05,66.48499999999999
112/01/17,7161952.0,485804159.0,68.0,68.0,67.6,67.9,-0.10,3669.0,,0.8500000000000014,0.8099357605451558,0.7724853481631606,67.47999999999995,67.17999999999999,66.61499999999998
112/01/30,21485299.0,1454097526.0,68.2,68.6,66.7,68.0,+0.10,9572.0,,0.7142857142857162,0.7780524117920092,0.7743410360394434,67.69999999999996,67.33,66.73499999999999
112/01/31,10745026.0,724719317.0,68.1,68.1,67.1,67.3,-0.70,4022.0,,0.3157894736842089,0.6239647657560757,0.7242156126116541,67.73999999999997,67.39999999999999,66.82999999999998
112/02/01,5706531.0,382415860.0,67.2,67.4,66.8,67.1,-0.2,3907.0,False,0.21052631578947006,0.4861519491005406,0.6448610581079496,67.65999999999997,67.44999999999999,66.88999999999997
112/02/02,8542535.0,574015755.0,67.4,67.5,66.8,67.5,0.4,3032.0,,0.4210526315789478,0.4644521765933429,0.4789186915981413,67.55999999999997,67.43999999999998,66.96999999999997
112/02/03,9694284.0,644622098.0,67.0,67.0,66.2,66.3,-1.2,6621.0,,0.04166666666666445,0.3235236732844501,0.417476008823712,67.23999999999997,67.35999999999999,66.99499999999998
112/02/06,5886809.0,390151147.0,66.4,66.7,66.1,66.2,-0.1,3645.0,,0.04000000000000342,0.1663808918301266,0.20850785577350106,66.87999999999997,67.28999999999999,66.99499999999998
112/02/07,6427418.0,428459679.0,66.3,66.8,66.2,66.8,0.6,2428.0,,0.28000000000000114,0.20425392788675145,0.17900523718233488,66.77999999999996,67.25999999999998,67.02499999999996
112/02/08,3234130.0,215398056.0,66.4,66.8,66.4,66.6,-0.2,1855.0,,0.2,0.20283595192450093,0.203781269232668,66.67999999999995,67.16999999999999,67.03999999999996
112/02/09,2130984.0,142086625.0,66.5,66.8,66.5,66.8,0.2,1596.0,,0.28000000000000114,0.228557301283001,0.21140973504400096,66.53999999999995,67.04999999999998,67.04999999999997
112/02/11,3171930.0,210996522.0,66.3,66.8,66.3,66.6,-0.2,1800.0,,0.25,0.23570486752200065,0.23093982336266755,66.59999999999994,66.91999999999999,67.04999999999997
112/02/13,5583552.0,372783290.0,66.5,67.1,66.2,67.1,0.5,2339.0,,0.7142857142857114,0.3952318164432376,0.2888805171624129,66.77999999999994,66.82999999999998,67.07999999999996
112/02/14,3820866.0,256388827.0,67.2,67.4,66.8,67.0,-0.1,2043.0,,0.6428571428571443,0.4777735919145398,0.4227457416003384,66.81999999999994,66.79999999999998,67.09999999999997
112/02/15,3705187.0,246833175.0,66.8,67.1,66.4,66.5,-0.5,2517.0,,0.3076923076923094,0.4210798305071296,0.458875671445403,66.79999999999993,66.73999999999998,67.09499999999997
112/02/17,3691639.0,245038318.0,66.3,66.5,66.3,66.4,0.1,2316.0,,0.2307692307692375,0.3576429639278322,0.3999342083140304,66.71999999999993,66.62999999999998,67.03499999999998
112/02/20,2913202.0,193558320.0,66.3,66.6,66.3,66.4,0.0,1744.0,,0.16666666666666866,0.29398419817411103,0.33642337534325845,66.67999999999992,66.63999999999999,66.99999999999999
112/02/21,2276516.0,151724229.0,66.7,66.8,66.5,66.8,0.4,1419.0,,0.4999999999999941,0.3626561321160721,0.31687484282143136,66.61999999999993,66.69999999999997,66.99499999999998
112/02/22,4731468.0,315206439.0,66.6,66.8,66.4,66.6,-0.2,2801.0,,0.33333333333332543,0.3528818658551566,0.3593980433624336,66.53999999999994,66.67999999999998,66.96999999999998
112/02/24,10063995.0,678448879.0,67.2,67.6,66.9,67.5,0.3,3225.0,,0.9285714285714322,0.5447783867605818,0.4168473728236316,66.73999999999994,66.76999999999998,66.96999999999998
112/03/01,9001751.0,605904655.0,66.8,67.7,66.8,67.1,-0.4,4601.0,,0.5999999999999943,0.5631855911737192,0.5509141215649609,66.87999999999995,66.79999999999998,66.92499999999998
112/03/02,7416495.0,502288881.0,67.1,68.0,66.9,68.0,0.9,4000.0,,1.0,0.7087903941158128,0.6117205254877505,67.19999999999996,66.93999999999998,66.92999999999998
